5 4
1 5
5 2
3 2
4 3

5 4
3 1
4 2
1 5
5 4

2 2
1 2
2 1

4 2
1 2
3 4

4 2
1 2
2 3

1000 1
1 2

11 36
10 1
10 2
10 3
10 4
10 5
10 6
10 7
10 8
10 9
1 11
2 11
3 11
4 11
5 11
6 11
7 11
8 11
9 11
1 2
2 3
3 4
4 5
5 6
6 7
7 8
8 9
1 4
1 5
2 5
2 6
3 6
4 7
4 8
5 8
5 9
6 9

11 37
10 1
10 2
10 3
10 4
10 5
10 6
10 7
10 8
10 9
1 11
2 11
3 11
4 11
5 11
6 11
7 11
8 11
9 11
1 2
2 3
3 4
4 5
5 6
6 7
7 8
8 9
1 4
1 5
2 5
2 6
3 6
4 7
4 8
5 8
5 9
6 9
11 10

8 10
1 2
1 3
2 4
3 4
4 5
5 4
5 6
5 7
6 8
7 8

65 189
7 21
21 41
7 60
60 41
7 54
54 41
7 62
62 41
7 26
26 41
7 22
22 41
7 19
19 41
7 42
42 41
7 56
56 41
7 31
31 41
7 58
58 41
7 33
33 41
7 38
38 41
7 43
43 41
7 17
17 41
7 48
48 41
7 1
1 41
7 15
15 41
7 65
65 41
7 27
27 41
7 5
5 41
7 61
61 41
7 11
11 41
7 37
37 41
7 2
2 41
7 36
36 41
7 52
52 41
7 45
45 41
7 59
59 41
7 55
55 41
7 44
44 41
7 29
29 41
7 6
6 41
7 9
9 41
7 49
49 41
7 8
8 41
7 57
57 41
7 13
13 41
7 18
18 41
7 30
30 41
7 32
32 41
7 63
63 41
7 14
14 41
7 51
51 41
7 20
20 41
7 4
4 41
7 12
12 41
7 34
34 41
7 53
53 41
7 40
40 41
7 16
16 41
7 25
25 41
7 35
35 41
7 28
28 41
7 50
50 41
7 10
10 41
7 46
46 41
7 64
64 41
7 39
39 41
7 47
47 41
7 3
3 41
7 23
23 41
7 24
24 41
21 60
60 54
54 62
62 26
26 22
22 19
19 42
42 56
56 31
31 58
58 33
33 38
38 43
43 17
17 48
48 1
1 15
15 65
65 27
27 5
5 61
61 11
11 37
37 2
2 36
36 52
52 45
45 59
59 55
55 44
44 29
29 6
6 9
9 49
49 8
8 57
57 13
13 18
18 30
30 32
32 63
63 14
14 51
51 20
20 4
4 12
12 34
34 53
53 40
40 16
16 25
25 35
35 28
28 50
50 10
10 46
46 64
64 39
39 47
47 3
3 23
23 24
41 7

80 233
51 6
6 23
51 71
71 23
51 80
80 23
51 47
47 23
51 14
14 23
51 25
25 23
51 28
28 23
51 13
13 23
51 16
16 23
51 50
50 23
51 70
70 23
51 33
33 23
51 77
77 23
51 15
15 23
51 63
63 23
51 12
12 23
51 64
64 23
51 2
2 23
51 10
10 23
51 78
78 23
51 34
34 23
51 75
75 23
51 69
69 23
51 48
48 23
51 22
22 23
51 43
43 23
51 17
17 23
51 72
72 23
51 42
42 23
51 68
68 23
51 67
67 23
51 55
55 23
51 38
38 23
51 36
36 23
51 20
20 23
51 60
60 23
51 56
56 23
51 57
57 23
51 11
11 23
51 74
74 23
51 62
62 23
51 1
1 23
51 44
44 23
51 45
45 23
51 24
24 23
51 3
3 23
51 39
39 23
51 40
40 23
51 27
27 23
51 41
41 23
51 9
9 23
51 4
4 23
51 59
59 23
51 66
66 23
51 46
46 23
51 18
18 23
51 21
21 23
51 5
5 23
51 52
52 23
51 58
58 23
51 76
76 23
51 61
61 23
51 37
37 23
51 29
29 23
51 31
31 23
51 19
19 23
51 35
35 23
51 54
54 23
51 73
73 23
51 53
53 23
51 32
32 23
51 65
65 23
51 8
8 23
51 79
79 23
51 49
49 23
51 30
30 23
51 26
26 23
51 7
7 23
6 71
71 80
80 47
47 14
14 25
25 28
28 13
13 16
16 50
50 70
70 33
33 77
77 15
15 63
63 12
12 64
64 2
2 10
10 78
78 34
34 75
75 69
69 48
48 22
22 43
43 17
17 72
72 42
42 68
68 67
67 55
55 38
38 36
36 20
20 60
60 56
56 57
57 11
11 74
74 62
62 1
1 44
44 45
45 24
24 3
3 39
39 40
40 27
27 41
41 9
9 4
4 59
59 66
66 46
46 18
18 21
21 5
5 52
52 58
58 76
76 61
61 37
37 29
29 31
31 19
19 35
35 54
54 73
73 53
53 32
32 65
65 8
8 79
79 49
49 30
30 26
26 7

60 117
28 30
30 41
28 39
39 41
28 24
24 41
28 57
57 41
28 12
12 41
28 20
20 41
28 10
10 41
28 45
45 41
28 33
33 41
28 4
4 41
28 49
49 41
28 55
55 41
28 13
13 41
28 46
46 41
28 23
23 41
28 47
47 41
28 27
27 41
28 58
58 41
28 1
1 41
28 17
17 41
28 56
56 41
28 2
2 41
28 36
36 41
28 3
3 41
28 14
14 41
28 6
6 41
28 29
29 41
28 16
16 41
28 25
25 41
28 8
8 41
28 52
52 41
28 35
35 41
28 31
31 41
28 18
18 41
28 32
32 41
28 38
38 41
28 7
7 41
28 9
9 41
28 48
48 41
28 44
44 41
28 43
43 41
28 40
40 41
28 11
11 41
28 53
53 41
28 60
60 41
28 5
5 41
28 59
59 41
28 51
51 41
28 15
15 41
28 54
54 41
28 26
26 41
28 19
19 41
28 37
37 41
28 22
22 41
28 34
34 41
28 21
21 41
28 50
50 41
28 42
42 41
43 58
0 0